.Random.seed <-
c(403L, 10L, -1678217039L, 34481379L, 1631859634L, 1548536836L, 
1259097927L, 1132889629L, -71033708L, -827143110L, -842602875L, 
454629215L, 2024929254L, -1720862096L, -1742074477L, -1970308559L, 
126204128L, -670903938L, -1919413239L, -872147909L, -2105607670L, 
-760675860L, 1154340463L, 2139838885L, -815963812L, 539360562L, 
-1246108627L, -515319065L, -707489778L, 2016485864L, -686038037L, 
-322569079L, -1380407272L, -568682682L, 1167082913L, 1164860467L, 
-470077022L, 860710036L, -1426418921L, -795173619L, 494771236L, 
531475466L, -1993043595L, -1724045105L, 1648724950L, -1289026688L, 
-84486205L, 338035041L, 1162987472L, 1187401518L, -245828903L, 
-1393536789L, 1772372314L, -1654445284L, 266247711L, 1140909685L, 
515216140L, 433950434L, -1929436227L, -804891593L, 1457026782L, 
-1371749864L, -1541763717L, 987120921L, -1733244504L, -1273578154L, 
567066065L, -1172261501L, -399332334L, -416446556L, -404553881L, 
-1217741635L, 465837108L, 1832382362L, 1749117925L, -1912346753L, 
-1828333818L, 1643470992L, 1645902131L, -1413378351L, 1302019200L, 
-2038616738L, -435019095L, -2078003877L, 1792274282L, 461743628L, 
-1393299889L, 528065285L, -1116343364L, -986151278L, -880982643L, 
-693774905L, -1898912082L, -1692741880L, 2110786827L, 342207465L, 
1531759800L, -280704154L, 966369281L, -480285037L, -1895648958L, 
346267380L, -1830737161L, -9774355L, 688215428L, 883219370L, 
1843904789L, -1459811409L, 730543030L, -416282144L, -1054463709L, 
373931585L, -402837200L, 385934158L, -308115015L, -1742441525L, 
575236218L, 897407356L, -1400518209L, -1490508139L, -717226836L, 
-1631574398L, 2073292381L, -1814032041L, 2096643134L, -1312403336L, 
-1865622693L, 676980409L, -1671718136L, -494308938L, -324194575L, 
-2086352605L, 2074917746L, 1341714884L, 1548560775L, 2034086749L, 
-951534252L, 514715514L, 674422469L, 272715807L, 491681702L, 
1021258032L, -172882989L, -1305298447L, 419864352L, 664639934L, 
1330481609L, -570921605L, 1678572362L, 496888748L, -2064461137L, 
-217984923L, 286810140L, 856354418L, 333271277L, -1867751129L, 
634613070L, -1137730136L, 1576839595L, -1586584887L, 1407763160L, 
1413033862L, 1788125793L, -603186189L, 1574121058L, -1518356268L, 
1467597271L, 2036368333L, 1145341796L, -1191136438L, 839111349L, 
1492664847L, -1340488938L, -2005946944L, 136203651L, 1428194209L, 
560364432L, -712693650L, -890147303L, 366464683L, 1995526810L, 
672263772L, -1373336737L, 1063789877L, 885667020L, -18301406L, 
-43585411L, -1119377033L, -1066498402L, 662398296L, 566781115L, 
-563807655L, -1493089816L, -1791110122L, 1901969297L, -942211005L, 
-417536174L, -101856284L, 922513959L, 244083325L, -89492620L, 
875368282L, 219941285L, -1735285313L, -2037983674L, 1700574416L, 
-1721520397L, -1448716271L, -1830379968L, 1149399582L, 1684716777L, 
330384923L, 682440234L, -645576372L, -1182338289L, -25131451L, 
-1425448964L, -1787746734L, 2130680781L, -160655993L, -1716662162L, 
2061158472L, 1028852299L, 1750394793L, 844965624L, 1127715366L, 
743426881L, -1336348461L, -1348799358L, 252316732L, 948333170L, 
-503724944L, 1303330340L, -890209224L, 698058778L, 1674394320L, 
-1221211076L, 2028930196L, 1101749378L, -607862848L, -1408028356L, 
261544592L, -585718750L, -1977760760L, -963966836L, 452359196L, 
-1648497006L, 1160184960L, -1530753004L, -2126504664L, 642281018L, 
345001168L, 1051346028L, 1382965940L, -980529134L, 534550496L, 
2136012L, 1283587552L, -571558366L, 697327912L, -1388783348L, 
-500922820L, 124481778L, 1960321776L, 8438596L, 653709912L, -699344326L, 
-1195704592L, 1301079228L, 1848792596L, -1135331134L, -1582122912L, 
-1466362500L, 1815958736L, 1754815522L, -1339465048L, 440670092L, 
1674801596L, -107269070L, -1889847488L, -2010867532L, -1260106936L, 
319511226L, -1904830704L, 2093785324L, 701563988L, -405991662L, 
-749921376L, -495849524L, 266816352L, 1183502530L, 1579378216L, 
-80099924L, -1276731588L, -2073127054L, 1316170544L, -1168461276L, 
625416248L, -1179933478L, -175609456L, 681772796L, -2143891564L, 
-1518531774L, 953295360L, 2026183228L, -1482015152L, -139527518L, 
-166814904L, -814611956L, 1257807068L, -1421161902L, -146265984L, 
98306900L, 1024334312L, 939162362L, 1507575632L, -763790292L, 
641369460L, -892299630L, 1451190880L, -703352180L, -1918530720L, 
530961122L, -1441464152L, -2044579636L, -1116194308L, -1867489358L, 
991954416L, 1173292484L, 310390616L, -1842914438L, -2010016336L, 
1068054972L, -1002416044L, -503125054L, -549797088L, -1563050052L, 
1103047248L, 87072226L, 1552306536L, 1608301900L, 1402296572L, 
-1619725582L, -2013165824L, 1517299316L, 1774671880L, -1419826758L, 
1359300560L, -1450296852L, -2112970860L, -1607445806L, -1320657312L, 
-1124797108L, 1088521504L, 125506178L, 1020049896L, -1275222036L, 
1248437820L, -1362059662L, -951188624L, 1212229924L, -1108110792L, 
1250308506L, 1808980432L, 1897258428L, -220145516L, 934722690L, 
-1049643584L, 1398989628L, 83088528L, -694824158L, -2057409016L, 
1896381708L, -2129521252L, -1755029998L, -601961600L, 122864404L, 
2018939176L, -1808593862L, -1655006256L, 1852535404L, -757044684L, 
-196855150L, -894075552L, -375703220L, -165705760L, -1119967838L, 
-1996411480L, 2033985164L, -1541689924L, -412774798L, -2122392592L, 
-900377020L, -1400952744L, 1614256186L, -1905272720L, -1346410436L, 
-1170810604L, 881545922L, 1775939296L, -758441860L, -1177882928L, 
770099618L, -1428119512L, -1755124980L, 136098236L, 956969778L, 
-1631307072L, 1125860404L, 464881352L, 1013572794L, -318126448L, 
-918499604L, 1946454612L, -1584520558L, 201494816L, 33561036L, 
-49638688L, -243840830L, 461050920L, -486651988L, -2122140996L, 
-1282544654L, 140766768L, -706340956L, -736469576L, 1977624410L, 
23658640L, 226349948L, -922713836L, -1863521982L, 699537664L, 
635096508L, 2033101136L, -150496990L, 1952735816L, 1895794700L, 
-708565412L, 1947245010L, -446435840L, -961983148L, 369245416L, 
-290408198L, 1519460048L, -549471444L, -75061004L, -1206697582L, 
1855161696L, 1269425164L, -1159308064L, 1097667170L, -2115652440L, 
7070796L, -1405137028L, -997414606L, 1190077040L, 398634444L, 
-1956903011L, -54603225L, -1329479600L, -1402517266L, -116845157L, 
1374657533L, 657073898L, 1772097928L, -1390297295L, -792629341L, 
1518626724L, 663900754L, 1263225255L, -261218831L, 1431537974L, 
912867796L, 1135896421L, 539842415L, 1052604840L, -1363132666L, 
-1832555981L, 663189653L, -333207310L, 1995034944L, 1145347753L, 
1834108699L, -723701524L, 1006259450L, 599991599L, 921796921L, 
1306665806L, -404112996L, -816524531L, 1558926711L, -1673010816L, 
1699231710L, 1481896107L, -1646922835L, -25413606L, 1557716696L, 
1389457217L, -116600845L, 1169854996L, 1545223074L, -834673481L, 
-621375871L, -1556375930L, 1560497860L, 2145415157L, -1299761569L, 
1735807160L, -477317738L, -656361565L, -940754075L, -1608246654L, 
913577968L, 1913762201L, -1953276021L, 216308348L, 506071210L, 
-1374098721L, 1118574697L, 1151537790L, -1973212564L, 317810365L, 
1695439751L, 1102155632L, 1857353230L, 1124559675L, -773392355L, 
-355467062L, -2123228184L, 722585809L, 1883608259L, -314184764L, 
-768044942L, 701063495L, -1300460271L, 1722669206L, 1037286900L, 
220393349L, -1950781745L, -926749752L, 893069926L, -1758153581L, 
247659509L, 1218395602L, 529387040L, 1110880265L, 428549435L, 
823994508L, -1470585574L, -1288107121L, -251906855L, 133380974L, 
-1926874372L, 232228973L, 659620887L, -644221472L, 48390590L, 
546256779L, -14895091L, -1902333894L, -905338760L, 1342942241L, 
-563654957L, 500043252L, 927821442L, -1905661161L, 1143998945L, 
-472328410L, 1049526820L, 1648325845L, -1567120257L, -553760488L, 
936876086L, 524062403L, 2006885125L, 1254917794L, -39533424L, 
70710329L, -1059803925L, 1081478620L, 492237834L, -1816304897L, 
842513225L, 1781616862L, 1454083724L, 2078517853L, -1860949913L, 
-198036080L, -2050648658L, -1699598245L, 1080309821L, -993681750L, 
-754635960L, -388202639L, -827045661L, -699584540L, 1275193106L, 
630176487L, -93922127L, -600617226L, -1357088492L, 1207647781L, 
